64 64
52 255 66 49 253 64 46 250 63 42 248 61 39 245 60 36 243 59 33 240 58 29 238 57 
26 236 56 23 233 56 20 231 56 16 229 56 13 226 56 10 224 56 7 222 56 3 220 57 
0 217 58 0 215 59 3 213 60 7 211 61 10 209 63 13 207 64 16 205 66 20 203 68 
23 201 70 26 199 72 29 197 74 33 196 76 36 194 78 39 192 81 42 190 83 46 189 86 
49 187 88 51 186 91 53 184 93 54 183 96 56 181 99 57 180 101 58 178 102 60 177 104 
62 176 106 63 175 108 65 174 110 67 172 112 69 171 114 71 170 116 72 170 118 74 169 120 
76 168 122 79 167 125 81 166 127 83 166 129 85 165 132 88 165 134 90 164 137 92 164 139 
95 164 142 97 164 144 99 163 147 102 163 150 104 163 152 106 163 155 109 163 158 111 164 160 

52 253 63 49 250 62 46 248 60 42 245 58 39 243 57 36 241 56 33 238 55 29 236 54 
26 233 53 23 231 53 20 229 52 16 226 52 13 224 52 10 222 53 7 219 53 3 217 54 
0 215 55 3 213 56 5 211 57 7 209 58 10 207 60 13 204 62 17 202 63 20 200 65 
23 199 67 26 197 69 30 195 72 33 193 74 36 191 76 39 189 79 43 188 81 45 186 84 
47 184 86 48 183 89 50 181 91 51 180 94 53 178 96 54 177 98 56 175 100 57 174 101 
59 173 103 61 172 105 63 170 107 64 169 109 66 168 111 68 167 113 70 166 116 72 166 118 
74 165 120 76 164 122 78 163 125 81 163 127 83 162 130 85 162 132 88 161 135 90 161 137 
92 161 140 95 160 142 97 160 145 99 160 148 102 160 150 104 160 153 106 160 156 109 160 159 

52 251 61 49 248 59 46 246 57 42 243 56 39 241 54 36 238 53 33 236 52 29 233 51 
26 231 50 23 229 49 20 226 49 16 224 49 13 222 49 10 219 49 7 217 50 3 215 51 
0 213 52 3 210 53 7 208 54 9 206 56 12 204 57 15 202 59 18 200 61 21 198 63 
24 196 65 27 194 67 30 192 69 33 190 72 37 188 74 39 187 76 41 185 79 42 183 82 
44 181 84 45 180 87 47 178 90 48 177 92 50 175 94 51 174 95 53 172 97 54 171 99 
56 170 101 58 169 103 60 167 105 62 166 107 63 165 109 65 164 111 67 163 113 69 162 115 
72 162 118 74 161 120 76 160 123 78 159 125 81 159 127 83 158 130 85 158 133 88 158 135 
90 157 138 92 157 140 95 157 143 97 157 146 99 157 149 102 157 151 104 157 154 107 157 157 

52 249 58 49 246 56 46 244 54 42 241 53 39 239 51 36 236 50 33 234 49 29 231 48 
26 229 47 23 226 46 20 224 46 16 222 46 13 219 46 10 217 46 7 215 47 3 212 48 
0 210 49 3 208 50 7 206 51 9 204 53 12 202 54 15 199 56 18 197 58 21 195 60 
24 193 62 27 191 65 30 189 67 32 187 69 35 186 72 37 184 74 38 182 77 39 180 80 
41 179 82 42 177 85 44 175 88 45 174 89 47 172 91 48 171 92 50 169 94 52 168 96 
54 167 98 56 166 100 57 164 102 59 163 104 61 162 106 63 161 109 65 160 111 67 159 113 
69 158 116 72 158 118 74 157 120 76 156 123 78 156 125 81 155 128 83 155 131 85 154 133 
88 154 136 90 154 139 92 154 141 95 153 144 97 153 147 100 153 150 102 154 152 105 154 155 

52 247 56 49 244 54 46 242 52 42 239 50 39 237 48 36 234 47 33 232 45 29 229 44 
26 227 44 23 224 43 20 222 43 16 219 42 13 217 43 10 215 43 7 212 44 3 210 44 
0 208 45 3 206 47 5 203 48 7 201 50 10 199 52 13 197 54 17 195 56 20 193 58 
23 191 60 25 189 62 28 187 65 30 185 67 32 183 70 34 181 72 35 179 75 37 178 78 
38 176 81 39 174 83 41 173 85 42 171 86 44 169 88 45 168 90 47 166 91 49 165 93 
51 164 95 53 162 97 54 161 100 56 160 102 58 159 104 60 158 106 62 157 109 65 156 111 
67 155 113 69 154 116 72 154 118 74 153 121 76 152 123 78 152 126 81 151 129 83 151 131 
85 151 134 88 151 137 90 150 139 92 150 142 95 150 145 97 150 148 100 150 151 103 151 153 

52 245 53 49 242 51 46 240 49 43 237 47 39 235 45 36 232 44 33 229 42 30 227 41 
26 225 40 23 222 40 20 220 39 17 217 39 13 215 39 10 212 40 7 210 40 5 208 41 
3 205 42 0 203 44 3 201 45 7 199 47 10 197 49 13 194 51 16 192 53 18 190 55 
21 188 58 23 186 60 25 184 63 28 182 65 29 180 68 31 178 71 32 177 73 34 175 76 
35 173 79 37 171 80 38 170 82 39 168 83 41 167 85 43 165 87 44 164 89 46 162 91 
48 161 93 50 159 95 52 158 97 54 157 99 56 156 102 58 155 104 60 154 106 62 153 109 
65 152 111 67 151 114 69 151 116 72 150 119 74 149 121 76 149 124 78 148 127 81 148 129 
83 148 132 85 147 135 88 147 138 90 147 141 93 147 143 95 147 146 98 147 149 101 147 152 

53 243 51 49 240 49 46 238 46 43 235 44 40 233 43 37 230 41 33 227 39 30 225 38 
27 222 37 24 220 37 21 217 36 18 215 36 15 213 36 12 210 37 9 208 37 7 205 38 
3 203 39 0 201 41 3 199 43 7 196 44 9 194 46 12 192 49 14 190 51 16 188 53 
18 186 56 21 184 58 23 182 61 25 180 63 26 178 66 28 176 69 29 174 72 31 172 75 
32 170 76 34 169 77 35 167 79 37 165 81 38 164 82 40 162 84 42 161 86 44 159 88 
45 158 90 47 156 92 49 155 95 51 154 97 53 153 99 55 152 102 58 151 104 60 150 107 
62 149 109 65 148 112 67 147 114 69 147 117 72 146 120 74 145 122 76 145 125 78 145 128 
81 144 130 83 144 133 86 144 136 88 144 139 91 144 142 93 144 145 96 144 148 99 144 150 

53 241 49 50 238 46 47 236 44 44 233 42 40 231 40 37 228 38 34 225 37 31 223 35 
28 220 34 25 218 33 22 215 33 19 213 33 16 210 33 13 208 33 10 206 34 7 203 35 
3 201 37 0 199 38 3 196 40 5 194 42 7 192 44 9 190 46 12 187 49 14 185 51 
16 183 54 18 181 56 21 179 59 22 177 62 24 175 64 25 173 67 26 171 70 28 169 72 
29 168 73 31 166 75 32 164 76 34 162 78 35 161 80 37 159 82 39 158 84 41 156 86 
43 155 88 44 153 90 46 152 92 49 151 95 51 150 97 53 149 100 55 148 102 58 147 105 
60 146 107 62 145 110 65 144 112 67 143 115 69 143 118 72 142 120 74 142 123 76 141 126 
79 141 129 81 141 132 84 141 134 86 140 137 89 140 140 91 140 143 94 141 146 97 141 149 

54 239 46 51 236 44 48 234 42 44 231 39 41 229 37 38 226 35 35 223 34 32 221 32 
29 218 31 26 216 30 23 213 30 20 211 29 17 208 30 13 206 30 10 203 31 7 201 32 
5 199 34 3 196 35 0 194 37 3 192 39 5 189 42 7 187 44 9 185 46 12 183 49 
14 181 52 16 178 54 18 176 57 19 174 60 21 172 63 22 170 66 24 169 67 25 167 69 
26 165 70 28 163 72 29 161 73 31 160 75 33 158 77 35 156 79 37 155 81 38 153 83 
40 152 85 42 151 88 44 149 90 46 148 92 49 147 95 51 146 97 53 145 100 55 144 103 
58 143 105 60 142 108 62 141 110 65 140 113 67 140 116 69 139 119 72 139 122 74 138 124 
76 138 127 79 137 130 82 137 133 84 137 136 87 137 139 90 137 142 92 137 145 95 137 148 

55 237 44 52 235 42 49 232 39 45 229 37 42 227 35 39 224 33 37 221 31 33 219 29 
30 216 28 27 214 27 24 211 26 21 209 26 18 206 26 15 204 27 12 201 28 9 199 29 
7 196 31 5 194 33 3 192 35 0 189 37 3 187 39 5 185 42 7 183 44 9 180 47 
12 178 50 13 176 53 15 174 56 16 172 58 18 170 61 19 168 63 21 166 64 22 164 66 
24 162 67 25 160 69 26 159 71 28 157 72 30 155 74 32 153 76 34 152 79 35 150 81 
37 149 83 39 148 85 42 146 88 44 145 90 46 144 93 49 143 95 51 141 98 53 140 101 
55 139 103 58 139 106 60 138 109 62 137 111 65 136 114 67 136 117 69 135 120 72 135 123 
74 134 126 77 134 128 80 134 131 82 134 134 85 134 137 88 134 140 90 134 143 92 134 146 

56 235 43 53 233 40 50 230 37 47 227 35 44 225 32 40 222 30 37 219 28 34 217 26 
31 214 25 28 212 24 25 209 23 22 207 23 19 204 23 16 202 24 14 199 25 12 197 26 
9 194 28 7 192 30 3 189 32 0 187 35 0 185 37 3 182 40 5 180 43 7 178 45 
9 176 48 10 174 51 12 171 54 13 169 57 15 167 59 16 165 60 18 163 61 19 161 63 
21 159 64 22 158 66 24 156 68 25 154 70 28 152 72 29 151 74 31 149 76 33 148 78 
35 146 81 37 145 83 39 143 86 42 142 88 44 141 91 46 139 93 49 138 96 51 137 99 
53 136 101 55 135 104 58 135 107 60 134 110 62 133 113 65 133 115 67 132 118 70 132 121 
72 131 124 75 131 127 78 131 130 81 131 133 83 131 136 85 131 139 88 131 142 90 131 145 

57 234 41 54 231 38 51 228 35 48 225 33 44 223 30 41 220 28 38 217 25 35 215 24 
32 212 22 29 210 21 26 207 20 24 204 20 21 202 20 18 199 21 16 197 22 13 194 24 
10 192 25 7 190 28 5 187 30 3 185 33 3 182 35 0 180 38 3 178 41 5 176 44 
7 173 47 7 171 50 9 169 53 10 167 55 12 165 56 13 163 57 15 161 58 16 159 60 
18 157 62 19 155 63 21 153 65 23 151 67 25 150 69 26 148 72 28 146 74 30 145 76 
32 143 79 35 142 81 37 140 84 39 139 86 42 138 89 44 136 91 46 135 94 49 134 97 
51 133 100 53 132 102 55 131 105 58 131 108 60 130 111 63 129 114 65 129 117 68 128 120 
71 128 123 73 128 126 76 127 129 78 127 132 81 127 135 83 127 138 86 127 141 88 128 144 

58 232 39 55 229 37 52 226 34 49 224 31 45 221 28 42 218 25 39 216 23 37 213 21 
34 210 19 31 208 18 28 205 17 25 202 16 23 200 17 21 197 18 18 195 19 15 192 21 
12 190 23 9 187 25 7 185 28 7 183 31 5 180 34 3 178 37 0 175 39 3 173 42 
3 171 45 5 169 49 7 166 51 7 164 52 9 162 53 10 160 54 12 158 56 13 156 57 
15 154 59 16 152 61 18 150 63 21 149 65 22 147 67 24 145 69 25 143 72 28 142 74 
30 140 76 32 139 79 35 137 82 37 136 84 39 135 87 42 133 90 44 132 92 46 131 95 
49 130 98 51 129 101 53 128 104 56 127 107 58 127 110 61 126 112 63 126 115 66 125 118 
69 125 121 72 124 124 74 124 127 76 124 130 79 124 133 81 124 136 84 124 139 86 124 143 

59 230 38 56 227 35 53 225 32 50 222 29 47 219 26 44 216 24 41 214 21 38 211 18 
35 208 16 33 206 15 30 203 13 28 200 13 25 198 13 22 195 15 19 193 16 16 190 18 
14 188 21 12 185 24 10 183 26 9 180 29 7 178 32 5 176 35 3 173 38 0 171 41 
0 169 44 3 166 47 3 164 48 5 162 49 7 160 50 7 158 51 9 156 53 10 153 54 
12 151 56 14 150 58 16 148 60 18 146 62 19 144 65 21 142 67 23 141 69 25 139 72 
28 137 74 30 136 77 32 134 80 35 133 82 37 132 85 39 130 88 42 129 91 44 128 94 
46 127 96 49 126 99 51 125 102 54 124 105 56 124 108 59 123 111 62 122 114 64 122 117 
67 122 120 69 121 123 72 121 126 74 121 129 76 121 132 79 121 135 82 121 138 84 121 141 

60 228 37 57 226 34 54 223 31 51 220 28 48 217 25 45 215 22 43 212 19 40 209 16 
37 206 14 35 204 12 32 201 10 29 199 10 26 196 10 24 193 12 21 191 14 18 188 16 
16 186 19 15 183 22 13 181 25 12 178 28 9 176 31 7 173 34 5 171 37 3 169 40 
3 166 43 0 164 44 0 162 44 3 159 45 3 157 47 5 155 48 7 153 50 7 151 52 
9 149 54 12 147 56 13 145 58 15 143 60 16 141 62 18 139 65 21 138 67 23 136 70 
25 134 72 28 133 75 30 131 78 32 130 81 35 129 83 37 127 86 39 126 89 42 125 92 
44 124 95 46 123 98 49 122 101 52 121 104 54 120 107 57 120 110 60 119 113 62 119 116 
65 118 119 67 118 122 69 118 125 72 118 128 74 118 131 77 118 134 80 118 137 82 118 140 

61 227 37 58 224 33 56 221 30 53 218 27 50 216 24 47 213 21 44 210 18 42 207 15 
39 205 12 37 202 9 34 199 7 31 197 7 28 194 7 25 191 9 23 189 12 21 186 15 
19 184 18 18 181 21 16 178 24 14 176 27 12 174 30 9 171 33 7 169 37 7 166 39 
5 164 40 3 162 40 3 159 41 0 157 42 0 155 44 3 153 45 3 151 47 5 148 49 
7 146 51 9 144 53 10 142 55 12 140 58 14 139 60 16 137 63 18 135 65 21 133 68 
23 132 71 25 130 73 28 128 76 30 127 79 32 126 82 35 124 85 37 123 88 39 122 91 
42 121 93 44 120 96 47 119 99 50 118 102 53 117 105 55 117 109 58 116 112 60 115 115 
62 115 118 65 115 121 67 114 124 70 114 127 72 114 130 75 114 133 78 114 136 81 115 139 

63 225 36 60 222 33 57 220 30 54 217 26 52 214 23 49 211 20 46 208 17 44 206 13 
41 203 10 38 200 7 35 197 5 33 195 3 30 192 5 28 189 7 25 187 10 24 184 13 
22 182 17 21 179 20 18 176 23 16 174 26 14 171 30 12 169 33 10 166 36 9 164 36 
7 162 37 7 159 37 5 157 38 3 155 39 3 152 41 0 150 43 0 148 44 3 146 46 
5 144 49 7 142 51 7 140 53 9 138 56 12 136 58 14 134 61 16 132 63 18 130 66 
21 129 69 23 127 72 25 126 75 28 124 77 30 123 80 32 121 83 35 120 86 37 119 89 
40 118 92 43 117 95 45 116 98 48 115 101 51 114 104 53 113 107 55 113 110 58 112 114 
60 112 117 63 111 120 65 111 123 68 111 126 71 111 129 73 111 132 76 111 135 79 111 139 

64 224 36 62 221 33 59 218 29 56 215 26 54 212 23 51 209 20 48 207 16 45 204 13 
43 201 10 40 198 7 37 196 3 35 193 0 32 190 3 30 187 7 28 185 10 26 182 13 
25 180 16 23 177 20 21 174 23 18 172 26 16 169 29 15 167 33 13 164 33 12 162 33 
10 159 33 9 157 34 7 155 35 7 152 37 5 150 38 3 148 40 3 146 42 0 143 44 
3 141 46 3 139 49 5 137 51 7 135 54 9 133 56 12 131 59 14 129 62 16 128 64 
18 126 67 21 124 70 23 123 73 25 121 76 28 120 79 30 118 82 33 117 85 35 116 88 
38 115 91 41 114 94 44 113 97 46 112 100 49 111 103 51 110 106 53 110 109 56 109 113 
58 109 116 61 108 119 63 108 122 66 108 125 69 108 128 72 108 131 75 108 135 77 108 138 

66 222 36 63 219 33 61 216 30 58 213 26 56 211 23 53 208 20 50 205 17 47 202 13 
44 199 10 42 197 7 39 194 5 37 191 3 35 188 5 33 186 7 31 183 10 29 180 13 
28 178 17 25 175 20 23 172 23 21 170 26 19 167 30 18 165 30 16 162 29 15 160 30 
13 157 30 12 155 31 10 152 32 9 150 34 7 148 35 7 145 37 5 143 39 3 141 42 
0 139 44 0 137 46 3 135 49 5 133 52 7 131 54 9 129 57 12 127 60 14 125 63 
16 123 66 18 122 69 21 120 72 23 118 75 25 117 78 28 115 81 31 114 84 34 113 87 
37 112 90 39 110 93 42 109 96 44 109 99 46 108 102 49 107 105 51 106 109 54 106 112 
56 105 115 59 105 118 62 105 121 64 105 124 67 104 127 70 105 131 73 105 134 76 105 137 

68 220 37 65 218 33 63 215 30 60 212 27 57 209 24 54 206 21 52 203 18 49 200 15 
46 198 12 44 195 9 42 192 7 39 189 7 37 187 7 35 184 9 34 181 12 32 178 15 
30 176 18 28 173 21 25 170 24 24 168 27 22 165 27 21 163 26 19 160 26 18 158 26 
16 155 27 15 153 28 13 150 29 12 148 31 10 145 33 9 143 35 7 141 37 5 139 39 
3 136 42 0 134 44 0 132 47 3 130 50 5 128 53 7 126 56 9 124 58 12 122 61 
14 120 64 16 119 67 18 117 70 21 115 73 24 114 76 26 112 80 29 111 83 32 110 86 
35 109 89 37 107 92 39 106 95 42 105 98 44 105 101 46 104 105 49 103 108 52 103 111 
54 102 114 57 102 117 60 101 120 63 101 124 66 101 127 69 101 130 72 101 133 75 102 136 

70 219 37 67 216 34 64 213 31 62 210 28 59 207 25 56 205 22 54 202 19 51 199 16 
49 196 14 46 193 12 44 190 10 42 188 10 40 185 10 38 182 12 37 179 14 35 177 16 
32 174 19 30 171 22 28 169 25 26 166 25 25 163 24 24 161 23 22 158 23 21 156 23 
19 153 24 18 151 25 16 148 26 15 146 28 13 143 30 12 141 32 9 139 35 7 136 37 
5 134 40 3 132 43 0 130 45 0 127 48 3 125 51 5 123 54 7 121 57 9 120 60 
12 118 63 14 116 66 16 114 69 19 113 72 22 111 75 25 110 78 28 108 82 30 107 85 
32 105 88 35 104 91 37 103 94 39 102 97 42 101 101 44 101 104 47 100 107 50 99 110 
53 99 113 56 98 117 58 98 120 61 98 123 64 98 126 67 98 129 70 98 133 73 98 136 

72 218 38 69 215 35 66 212 32 63 209 29 61 206 26 58 203 24 56 200 21 53 197 18 
51 194 16 49 192 15 46 189 13 44 186 13 43 183 13 41 180 15 39 178 16 37 175 18 
35 172 21 33 169 24 31 167 24 29 164 22 28 161 21 26 159 20 25 156 20 24 153 20 
22 151 21 21 148 22 19 146 24 18 143 25 16 141 28 14 139 30 12 136 33 9 134 35 
7 132 38 5 129 41 3 127 44 3 125 47 0 123 50 3 121 53 5 119 56 7 117 59 
9 115 62 12 113 65 15 111 68 18 110 71 21 108 74 23 107 78 25 105 81 28 104 84 
30 102 87 32 101 90 35 100 93 37 99 97 40 98 100 43 97 103 45 97 106 48 96 110 
51 96 113 54 95 116 57 95 119 60 95 122 63 95 126 66 95 129 69 95 132 72 95 135 

73 216 39 71 213 37 68 210 34 65 207 31 63 204 28 60 202 25 58 199 23 55 196 21 
53 193 19 51 190 18 49 187 17 47 184 16 45 181 17 44 179 18 42 176 19 39 173 21 
37 170 23 35 168 23 34 165 21 32 162 19 31 159 18 29 157 17 28 154 16 26 151 17 
25 149 18 24 146 19 22 144 21 21 141 23 18 139 25 16 136 28 14 134 31 12 132 34 
9 129 37 7 127 39 7 125 42 3 123 45 0 120 49 0 118 52 3 116 55 5 114 58 
7 112 61 10 110 64 13 109 67 16 107 70 18 105 74 21 104 77 23 102 80 25 101 83 
28 99 86 30 98 90 33 97 93 35 96 96 38 95 99 41 94 103 44 93 106 47 93 109 
50 92 112 53 92 115 56 92 119 58 91 122 61 91 125 64 91 128 67 92 132 70 92 135 

75 215 41 72 212 38 70 209 35 67 206 33 65 203 30 62 200 28 60 197 25 58 194 24 
56 191 22 54 188 21 52 186 20 50 183 20 48 180 20 46 177 21 44 174 22 42 171 24 
40 169 24 38 166 21 37 163 18 35 160 16 34 158 15 32 155 13 31 152 13 29 150 13 
28 147 15 26 144 16 25 142 18 23 139 21 21 137 24 18 134 26 16 132 29 14 129 32 
12 127 35 10 125 38 7 122 41 5 120 44 3 118 48 0 116 51 0 114 54 3 112 57 
7 110 60 9 108 63 12 106 67 14 104 70 16 102 73 18 101 76 21 99 79 23 98 83 
25 96 86 28 95 89 31 94 92 34 93 96 37 92 99 39 91 102 42 90 105 45 90 109 
48 89 112 51 89 115 54 88 118 57 88 122 60 88 125 63 88 128 66 88 131 69 89 134 

77 213 43 74 211 40 72 208 37 69 205 35 67 202 32 65 199 30 62 196 28 60 193 26 
58 190 25 56 187 24 54 184 23 53 181 23 51 178 23 49 175 24 46 173 25 44 170 25 
43 167 22 41 164 19 39 161 16 38 159 14 37 156 12 35 153 10 34 150 10 32 148 10 
31 145 12 29 142 14 28 140 16 25 137 19 23 135 22 21 132 25 18 130 28 16 127 31 
15 125 34 12 122 37 9 120 40 7 118 44 5 116 47 3 113 50 0 111 53 3 109 56 
5 107 60 7 105 63 9 103 66 12 101 69 14 100 72 16 98 76 18 96 79 21 95 82 
24 93 85 26 92 89 29 91 92 32 90 95 35 89 98 38 88 102 41 87 105 44 86 108 
47 86 111 50 85 115 53 85 118 56 85 121 59 85 124 62 85 128 65 85 131 68 85 134 

79 212 44 76 209 42 74 206 39 72 203 37 69 200 35 67 197 33 65 194 31 63 191 29 
61 188 28 59 185 27 57 183 26 55 180 26 53 177 26 51 174 27 49 171 27 47 168 24 
45 165 21 44 162 18 42 160 15 41 157 12 39 154 9 38 151 7 37 149 7 35 146 7 
34 143 9 32 140 12 30 138 15 28 135 18 25 133 21 23 130 24 21 127 27 19 125 30 
16 123 33 14 120 37 12 118 40 9 115 43 7 113 46 5 111 49 3 109 53 0 107 56 
3 105 59 5 103 62 7 101 66 9 99 69 12 97 72 14 95 75 16 94 79 19 92 82 
22 91 85 25 89 88 28 88 92 31 87 95 34 86 98 37 85 101 39 84 105 42 83 108 
45 83 111 49 82 114 52 82 118 55 82 121 58 82 124 61 82 127 64 82 131 67 82 134 

81 211 46 79 208 44 76 205 42 74 202 39 72 199 37 69 196 35 67 193 34 65 190 32 
63 187 31 62 184 30 60 181 30 58 178 29 55 175 30 53 172 30 51 169 26 49 167 23 
47 164 20 45 161 17 44 158 13 42 155 10 41 152 7 39 150 5 38 147 3 37 144 5 
37 141 7 35 139 10 32 136 13 30 133 17 28 131 20 25 128 23 24 125 26 21 123 30 
18 120 33 16 118 36 14 116 39 12 113 43 9 111 46 7 109 49 5 106 52 3 104 56 
0 102 59 3 100 62 5 98 65 7 96 69 9 94 72 12 92 75 15 91 78 18 89 82 
21 88 85 24 86 88 26 85 91 29 84 95 32 83 98 35 82 101 38 81 105 41 80 108 
44 79 111 48 79 114 51 79 118 54 78 121 57 78 124 60 78 127 63 79 131 67 79 134 

83 210 49 81 207 46 78 204 44 76 201 42 74 198 40 72 195 38 69 192 37 66 189 35 
63 186 34 61 183 33 58 180 33 56 177 33 53 174 33 51 171 29 49 168 26 46 165 23 
44 162 20 43 159 16 41 156 13 39 153 10 38 151 7 37 148 3 35 145 0 34 142 3 
33 139 7 33 137 10 33 134 13 32 131 16 30 129 20 28 126 23 25 123 26 23 121 29 
21 118 33 18 116 36 16 113 39 14 111 42 12 109 46 9 106 49 7 104 52 5 102 56 
3 100 59 0 97 62 3 95 65 5 93 69 7 91 72 10 90 75 13 88 78 16 86 82 
19 85 85 22 83 88 25 82 91 28 81 95 31 80 98 34 78 101 37 78 104 40 77 108 
44 76 111 47 76 114 50 75 118 53 75 121 56 75 124 60 75 127 63 75 131 66 76 134 

85 209 51 82 206 49 79 203 46 76 199 44 73 196 43 70 193 41 67 190 39 64 187 38 
62 184 37 59 181 37 56 178 36 54 175 36 51 172 33 49 169 30 46 166 26 44 164 23 
42 161 20 40 158 17 38 155 13 37 152 10 35 149 7 34 146 5 32 143 3 31 141 5 
30 138 7 30 135 10 29 132 13 29 129 17 29 127 20 29 124 23 28 121 26 25 119 30 
23 116 33 21 114 36 18 111 39 16 109 43 14 106 46 12 104 49 9 102 52 7 99 56 
3 97 59 0 95 62 0 93 65 3 91 69 7 89 72 9 87 75 12 85 78 15 83 82 
18 82 85 21 80 88 24 79 91 27 78 95 30 76 98 33 75 101 37 74 105 40 74 108 
43 73 111 46 72 114 49 72 118 53 72 121 56 72 124 59 72 127 62 72 131 66 72 134 

83 208 53 80 204 51 77 201 49 75 198 47 72 195 45 69 192 44 66 189 42 63 186 41 
60 183 40 57 180 40 54 177 39 52 174 37 49 171 33 46 168 30 44 165 27 42 162 24 
39 159 21 37 156 18 35 153 15 34 150 12 32 148 9 31 145 7 29 142 7 28 139 7 
27 136 9 26 133 12 26 130 15 26 128 18 26 125 21 26 122 24 26 120 27 26 117 30 
25 114 33 23 112 37 21 109 40 18 107 43 16 104 46 13 102 49 10 99 53 7 97 56 
5 95 59 3 92 62 0 90 66 3 88 69 5 86 72 7 84 75 10 82 79 13 81 82 
17 79 85 20 77 88 23 76 92 26 75 95 30 73 98 33 72 101 36 71 105 39 70 108 
43 70 111 46 69 114 49 69 118 52 69 121 56 69 124 59 69 127 62 69 131 65 69 134 

82 206 56 79 203 54 76 200 52 73 197 50 70 194 48 67 191 47 64 188 45 61 185 44 
58 182 44 56 179 43 53 176 40 50 173 37 47 170 34 44 167 31 42 164 28 39 161 25 
37 158 22 35 155 19 33 152 16 31 149 14 29 146 12 28 143 10 26 140 10 25 137 10 
24 134 12 23 132 14 23 129 16 23 126 19 23 123 22 23 120 25 23 118 28 23 115 31 
24 112 34 25 110 37 23 107 40 21 105 44 18 102 47 15 100 50 12 97 53 9 95 56 
7 92 60 5 90 63 3 88 66 0 86 69 3 84 72 7 82 76 10 80 79 13 78 82 
16 76 85 20 75 89 23 73 92 26 72 95 29 70 98 33 69 102 36 68 105 39 67 108 
42 67 111 46 66 115 49 66 118 52 65 121 56 65 124 59 65 128 62 66 131 65 66 134 

81 205 58 78 202 56 75 199 54 72 196 53 69 193 51 66 190 50 63 187 49 60 184 48 
57 181 47 54 178 44 51 175 41 48 172 38 45 169 35 43 166 32 40 162 29 37 159 26 
35 156 24 32 153 21 30 151 18 28 148 16 26 145 15 25 142 13 24 139 13 22 136 13 
21 133 15 20 130 16 20 127 18 20 124 21 20 122 24 20 119 26 20 116 29 20 113 32 
21 110 35 22 108 38 23 105 41 22 103 44 19 100 48 16 97 51 14 95 54 12 92 57 
9 90 60 7 88 63 3 85 67 0 83 70 3 81 73 7 79 76 10 77 79 13 75 83 
16 73 86 20 72 89 23 70 92 26 69 96 29 67 99 33 66 102 36 65 105 39 64 109 
42 63 112 46 63 115 49 62 118 52 62 122 56 62 125 59 62 128 62 62 131 65 63 134 

80 205 61 76 201 59 73 198 57 70 195 56 67 192 54 64 189 53 61 186 52 58 183 51 
56 180 49 53 177 45 50 174 42 47 170 39 44 167 37 41 164 34 38 161 31 35 158 28 
33 155 25 30 152 23 28 149 21 25 146 19 24 143 18 22 140 17 21 137 16 19 134 17 
18 131 18 17 128 19 16 126 21 16 123 23 16 120 25 16 117 28 16 114 31 17 111 34 
18 109 37 19 106 39 20 103 42 20 101 45 21 98 49 18 95 52 16 93 55 13 90 58 
10 88 61 7 85 64 3 83 67 0 81 70 3 79 74 7 76 77 10 74 80 13 72 83 
16 71 86 20 69 90 23 67 93 26 66 96 29 64 99 33 63 103 36 62 106 39 61 109 
42 60 112 46 60 115 49 59 119 52 59 122 56 59 125 59 59 128 62 59 132 65 60 135 

78 204 63 75 200 62 72 197 60 69 194 58 66 191 57 63 188 56 60 185 55 57 182 53 
54 179 50 51 176 47 48 172 44 45 169 41 42 166 38 39 163 35 37 160 33 34 157 30 
31 154 28 28 151 25 25 148 24 23 145 22 21 142 21 19 139 20 18 136 20 16 133 20 
15 130 21 13 127 22 13 124 24 13 121 25 13 118 28 13 115 30 13 113 33 13 110 35 
15 107 38 16 104 41 16 101 44 17 99 47 18 96 50 19 93 53 16 91 56 13 88 59 
10 86 62 7 83 65 3 81 68 0 78 71 3 76 74 7 74 78 10 72 81 13 70 84 
16 68 87 20 66 90 23 64 93 26 63 97 29 61 100 33 60 103 36 59 106 39 58 110 
42 57 113 46 56 116 49 56 119 52 56 122 56 56 126 59 56 129 62 56 132 65 56 135 

78 203 66 74 200 64 71 196 63 68 193 61 65 190 60 62 187 59 59 184 57 56 181 54 
53 178 51 50 175 48 47 171 45 44 168 43 41 165 40 38 162 37 35 159 35 32 156 32 
29 153 30 26 150 28 24 147 26 21 144 25 18 141 24 16 138 23 15 135 23 13 132 23 
12 129 24 10 126 25 10 123 26 10 120 28 10 117 30 10 114 32 10 111 35 10 108 37 
12 105 40 13 102 43 13 100 45 13 97 48 15 94 51 16 91 54 15 89 57 12 86 60 
9 84 63 7 81 66 3 79 69 0 76 72 3 74 75 7 72 78 10 69 82 13 67 85 
16 65 88 20 63 91 23 62 94 26 60 97 29 58 101 33 57 104 36 56 107 39 55 110 
42 54 113 46 53 117 49 53 120 52 52 123 56 52 126 59 52 129 62 53 133 65 53 136 

77 202 69 74 199 67 70 196 66 67 192 64 64 189 63 61 186 61 58 183 58 55 180 56 
52 177 53 49 174 50 45 170 47 42 167 44 39 164 42 37 161 39 34 158 37 31 155 35 
28 152 33 25 149 31 22 146 29 19 143 28 16 139 27 14 136 26 12 133 26 10 130 26 
9 127 27 7 124 28 7 121 29 7 118 31 7 115 33 7 112 35 7 110 37 7 107 39 
9 104 42 10 101 44 10 98 47 10 95 50 12 92 53 13 90 56 12 87 58 10 84 61 
7 82 64 5 79 67 3 76 70 0 74 73 3 72 76 7 69 80 10 67 83 13 65 86 
16 63 89 20 61 92 23 59 95 26 57 98 29 56 101 33 54 105 36 53 108 39 52 111 
42 51 114 46 50 117 49 49 120 52 49 124 56 49 127 59 49 130 62 49 133 65 50 136 

76 201 72 73 198 70 70 195 69 67 192 67 63 188 66 60 185 63 57 182 60 54 179 57 
51 176 54 48 173 52 44 170 49 41 166 46 38 163 44 35 160 42 32 157 39 29 154 37 
26 151 35 24 148 34 21 145 32 18 141 31 15 138 30 12 135 30 9 132 29 7 129 30 
7 126 30 5 123 31 3 120 32 3 117 34 3 114 35 3 111 37 3 108 39 5 105 42 
7 102 44 7 99 46 7 96 49 7 94 52 9 91 54 10 88 57 9 85 60 7 82 63 
7 80 66 3 77 69 0 74 72 3 72 75 5 69 78 7 67 81 10 65 84 13 62 87 
17 60 90 20 58 93 23 56 96 26 54 99 30 53 102 33 51 105 36 50 109 39 49 112 
43 48 115 46 47 118 49 46 121 52 46 124 56 46 127 59 46 131 62 46 134 65 47 137 

76 200 75 72 197 73 69 194 72 66 191 70 63 188 67 60 185 64 56 181 62 53 178 59 
50 175 56 47 172 54 44 169 51 40 166 49 37 162 46 34 159 44 31 156 42 28 153 40 
25 150 38 22 147 37 19 144 35 16 140 34 13 137 33 10 134 33 7 131 33 5 128 33 
3 125 33 3 122 34 0 119 35 0 116 37 0 113 38 0 110 40 0 107 42 3 104 44 
3 101 46 3 98 49 3 95 51 5 92 54 7 89 56 7 86 59 7 83 62 5 81 64 
3 78 67 3 75 70 0 72 73 3 70 76 7 67 79 9 65 82 12 62 85 15 60 88 
18 58 91 21 56 94 24 54 97 27 52 100 30 50 103 33 48 106 37 47 109 40 45 113 
43 44 116 46 44 119 49 43 122 53 43 125 56 42 128 59 43 131 62 43 135 66 44 138 

75 200 77 72 197 76 69 193 75 66 190 72 62 187 69 59 184 66 56 181 63 53 177 61 
49 174 58 46 171 56 43 168 53 40 165 51 37 162 49 33 158 46 30 155 44 27 152 43 
24 149 41 21 146 39 18 143 38 15 139 37 12 136 37 9 133 36 7 130 36 3 127 36 
0 124 37 0 121 37 3 118 38 3 115 39 3 112 41 3 109 43 3 105 44 0 102 46 
0 99 49 0 96 51 0 93 53 3 91 56 3 88 58 3 85 61 3 82 63 3 79 66 
0 76 69 0 73 72 3 71 75 5 68 77 7 65 80 10 63 83 13 60 86 16 58 89 
19 55 92 22 53 95 25 51 98 28 49 101 31 47 104 34 45 107 37 44 110 40 42 114 
44 41 117 47 40 120 50 40 123 53 39 126 56 39 129 60 39 132 63 40 135 66 40 139 

75 199 80 72 196 78 69 193 75 65 190 72 62 186 70 59 183 67 56 180 65 52 177 62 
49 174 60 46 170 58 43 167 55 39 164 53 36 161 51 33 158 49 30 154 47 26 151 45 
23 148 44 20 145 42 17 142 41 13 139 40 10 135 40 7 132 39 5 129 39 3 126 39 
0 123 40 3 120 40 5 117 41 7 114 42 7 110 44 7 107 45 5 104 47 3 101 49 
3 98 51 3 95 53 3 92 55 0 89 58 0 86 60 0 83 63 0 80 65 0 77 68 
3 75 71 3 72 73 5 69 76 7 66 79 9 63 82 12 61 85 15 58 88 18 56 91 
21 53 93 24 51 96 26 49 99 29 46 102 32 44 105 35 43 109 38 41 112 41 39 115 
44 38 118 48 37 121 51 37 124 54 36 127 57 36 130 60 36 133 63 37 136 67 37 139 

75 199 79 72 195 76 69 192 73 65 189 71 62 186 68 59 183 65 56 179 63 52 176 60 
49 173 58 46 170 55 42 166 53 39 163 51 36 160 49 33 157 47 29 154 45 26 151 44 
23 147 42 20 144 41 16 141 40 13 138 40 10 135 39 7 131 39 3 128 39 0 125 40 
3 122 40 5 119 41 7 116 42 9 113 44 10 109 45 9 106 47 7 103 49 7 100 51 
7 97 53 7 94 55 5 91 58 3 88 60 3 85 62 3 82 65 3 79 67 3 76 70 
5 73 72 7 70 75 7 67 78 9 64 81 12 62 83 14 59 86 16 56 89 19 54 92 
22 51 95 25 49 98 28 46 101 31 44 104 34 42 107 37 40 110 39 38 113 42 37 116 
45 35 119 49 34 122 52 33 125 55 33 128 58 33 131 61 33 134 64 33 137 67 34 140 

75 198 77 72 195 75 69 192 72 65 188 69 62 185 66 59 182 63 56 179 61 52 176 58 
49 172 56 46 169 53 42 166 51 39 163 49 36 159 46 33 156 44 29 153 43 26 150 41 
23 147 39 20 143 38 16 140 37 13 137 37 10 134 36 7 131 36 3 127 36 0 124 37 
3 121 37 7 118 38 9 115 39 12 112 41 13 109 43 12 105 44 10 102 46 10 99 49 
10 96 51 9 93 53 7 90 56 7 87 58 7 84 61 7 81 63 7 78 66 7 75 69 
7 72 72 9 69 75 10 66 77 12 63 80 14 60 83 16 57 86 18 54 89 21 52 92 
24 49 95 26 46 98 29 44 101 32 42 104 35 39 107 38 37 110 41 35 114 44 34 117 
47 32 120 50 31 123 53 30 126 56 30 129 59 29 132 62 30 135 65 30 138 68 31 141 

75 198 76 72 194 73 69 191 70 65 188 67 62 185 64 59 181 62 56 178 59 52 175 56 
49 172 54 46 169 51 42 165 49 39 162 46 36 159 44 33 156 42 29 152 40 26 149 38 
23 146 37 20 143 35 16 140 34 13 136 33 10 133 33 7 130 33 3 127 33 0 124 33 
3 120 34 7 117 35 10 114 37 13 111 38 16 108 40 15 105 42 13 101 44 13 98 46 
13 95 49 12 92 51 10 89 54 10 86 56 10 83 59 10 80 62 10 76 64 10 73 67 
10 70 70 12 67 73 13 64 76 15 61 79 16 58 82 18 56 85 21 53 88 23 50 91 
25 47 94 28 44 97 31 42 100 34 39 103 37 37 106 39 35 109 42 33 113 45 31 116 
48 29 119 51 28 122 54 27 125 57 26 128 60 26 131 63 26 135 66 27 138 69 28 141 

75 197 75 72 194 72 69 191 69 65 187 66 62 184 63 59 181 60 56 178 57 52 175 54 
49 171 52 46 168 49 42 165 46 39 162 44 36 158 42 33 155 39 29 152 37 26 149 35 
23 145 34 20 142 32 16 139 31 13 136 30 10 133 30 7 129 29 3 126 30 0 123 30 
3 120 31 7 117 32 10 113 34 13 110 35 16 107 37 18 104 39 17 101 42 16 97 44 
16 94 46 15 91 49 13 88 52 13 85 54 13 82 57 13 78 60 13 75 63 13 72 66 
13 69 69 15 66 72 16 63 75 18 60 78 19 57 81 21 54 84 23 51 87 25 48 90 
28 45 93 30 43 96 33 40 99 35 37 102 38 35 105 41 32 109 44 30 112 47 28 115 
50 26 118 53 25 121 56 24 124 58 23 127 61 23 131 64 23 134 67 24 137 70 25 140 

75 197 73 72 194 70 69 190 67 65 187 64 62 184 61 59 181 58 56 177 56 52 174 53 
49 171 50 46 168 47 42 164 44 39 161 42 36 158 39 33 155 37 29 151 35 26 148 33 
23 145 31 20 142 29 16 139 28 13 135 27 10 132 26 7 129 26 3 126 26 0 122 27 
3 119 28 7 116 29 10 113 31 13 110 33 16 106 35 19 103 37 20 100 39 20 97 42 
19 93 44 18 90 47 17 87 50 16 84 53 16 81 56 16 78 58 16 74 61 16 71 64 
17 68 67 18 65 70 19 62 73 21 59 76 22 56 80 24 53 83 25 50 86 28 47 89 
30 44 92 32 41 95 35 38 98 37 35 101 40 33 105 43 30 108 45 28 111 48 25 114 
51 24 117 54 22 120 57 21 124 60 20 127 63 20 130 66 20 133 69 21 136 72 22 140 

75 197 72 72 193 69 69 190 66 65 187 63 62 184 60 59 180 57 56 177 54 52 174 51 
49 171 48 46 167 45 42 164 43 39 161 40 36 158 37 33 154 35 29 151 32 26 148 30 
23 145 28 20 141 26 16 138 25 13 135 24 10 132 23 7 128 23 3 125 23 0 122 24 
3 119 25 7 115 26 9 112 28 12 109 30 15 106 32 18 103 35 21 99 37 23 96 40 
22 93 43 21 90 45 20 86 48 20 83 51 20 80 54 20 77 57 20 74 60 20 70 63 
20 67 66 21 64 69 22 61 72 24 58 75 25 55 78 26 52 82 28 49 85 30 45 88 
32 42 91 35 39 94 37 37 97 39 34 101 42 31 104 44 28 107 47 25 110 50 23 113 
53 21 117 56 19 120 58 18 123 61 17 126 64 16 129 67 17 133 70 18 136 73 19 139 

75 196 71 72 193 68 69 190 65 65 187 62 62 183 59 59 180 56 56 177 53 52 174 50 
49 170 47 46 167 44 42 164 41 39 161 38 36 157 35 33 154 33 29 151 30 26 148 28 
23 144 25 20 141 24 16 138 22 13 134 21 10 131 20 7 128 20 3 125 20 0 122 21 
3 118 22 5 115 24 7 112 25 10 109 28 13 105 30 16 102 33 18 99 35 21 96 38 
24 92 41 24 89 44 23 86 47 23 83 50 23 79 53 23 76 56 23 73 59 23 70 62 
23 67 65 24 63 68 25 60 71 26 57 74 28 54 78 29 51 81 31 48 84 33 44 87 
35 41 90 37 38 93 39 35 97 42 32 100 44 29 103 46 26 106 49 24 110 52 21 113 
54 18 116 57 16 119 60 15 122 63 13 126 66 13 129 69 13 132 72 15 135 75 16 139 

75 196 70 72 193 67 69 190 64 65 186 61 62 183 58 59 180 55 56 177 52 52 173 49 
49 170 45 46 167 42 43 164 39 39 160 37 36 157 34 33 154 31 30 151 28 26 147 25 
23 144 23 20 141 21 17 137 19 13 134 18 10 131 17 7 128 16 5 124 17 3 121 18 
0 118 19 3 115 21 7 111 23 9 108 25 12 105 28 14 102 31 16 98 34 19 95 37 
22 92 39 25 89 42 26 85 45 26 82 49 26 79 52 26 76 55 26 72 58 26 69 61 
26 66 64 27 63 67 28 60 70 29 56 74 31 53 77 32 50 80 34 47 83 35 44 86 
37 40 90 39 37 93 42 34 96 44 31 99 46 28 103 49 25 106 51 22 109 54 19 112 
56 16 115 59 14 119 62 12 122 64 10 125 67 10 128 70 10 132 73 12 135 76 14 138 

75 196 70 72 193 67 69 189 63 66 186 60 62 183 57 59 180 54 56 176 51 53 173 48 
49 170 44 46 167 41 43 163 38 40 160 35 37 157 32 33 154 29 30 150 26 27 147 24 
24 144 21 21 141 18 18 137 16 15 134 15 12 131 13 9 127 13 7 124 13 3 121 15 
0 118 16 3 114 18 5 111 21 7 108 24 9 105 26 12 101 29 15 98 32 18 95 35 
21 92 38 22 88 41 23 85 44 24 82 48 25 79 51 26 75 54 28 72 57 29 69 60 
30 66 63 30 62 67 31 59 70 32 56 73 34 53 76 35 49 79 37 46 83 38 43 86 
40 40 89 42 37 92 44 33 96 46 30 99 49 27 102 51 24 105 53 21 109 56 18 112 
58 15 115 61 12 118 63 9 122 66 7 125 69 7 128 72 7 131 75 9 134 77 12 138 

76 196 69 72 193 66 69 189 63 66 186 60 63 183 56 60 180 53 56 176 50 53 173 47 
50 170 44 47 167 40 44 163 37 40 160 34 37 157 31 34 153 28 31 150 25 28 147 22 
25 144 19 22 140 16 19 137 14 16 134 12 13 131 10 10 127 10 7 124 10 5 121 12 
3 118 14 0 114 16 3 111 19 5 108 22 7 105 25 10 101 28 13 98 31 16 95 34 
18 91 37 19 88 40 20 85 44 21 82 47 22 78 50 24 75 53 25 72 56 26 69 60 
28 65 63 30 62 66 32 59 69 35 56 72 37 52 76 38 49 79 39 46 82 41 43 85 
43 39 89 44 36 92 46 33 95 49 30 98 51 26 102 53 23 105 55 20 108 58 17 111 
60 13 115 63 10 118 65 7 121 68 5 124 71 3 128 73 5 131 76 7 134 79 10 137 

76 196 69 73 193 66 70 189 62 67 186 59 63 183 56 60 180 53 57 176 49 54 173 46 
51 170 43 48 167 40 44 163 37 41 160 33 38 157 30 35 153 27 32 150 24 29 147 21 
26 144 18 24 140 15 21 137 12 18 134 9 15 131 7 12 127 7 9 124 7 7 121 9 
3 118 12 0 114 15 0 111 18 3 108 21 7 104 24 9 101 27 12 98 30 13 95 33 
15 91 37 16 88 40 17 85 43 18 82 46 19 78 49 21 75 53 22 72 56 24 69 59 
25 65 62 28 62 66 30 59 69 32 56 72 35 52 75 37 49 79 39 46 82 42 42 85 
44 39 88 46 36 92 49 33 95 51 29 98 53 26 101 55 23 105 58 20 108 60 16 111 
62 13 114 65 10 118 67 7 121 70 3 124 72 0 127 75 3 131 78 7 134 81 10 137 

77 196 69 74 193 65 70 189 62 67 186 59 64 183 56 61 180 52 58 176 49 55 173 46 
52 170 43 49 167 39 45 163 36 42 160 33 39 157 30 37 153 26 34 150 23 31 147 20 
28 144 17 25 140 13 22 137 10 19 134 7 16 131 5 13 127 3 10 124 5 7 121 7 
5 118 10 3 114 13 0 111 17 3 108 20 5 105 23 7 101 26 9 98 30 10 95 33 
12 91 36 13 88 39 13 85 43 15 82 46 16 78 49 18 75 52 19 72 56 21 69 59 
23 65 62 25 62 65 28 59 69 30 56 72 32 52 75 35 49 78 37 46 82 39 43 85 
42 39 88 44 36 91 46 33 95 49 30 98 51 26 101 53 23 105 56 20 108 58 17 111 
61 13 114 63 10 118 66 7 121 69 5 124 72 3 127 75 5 131 77 7 134 80 10 137 

78 196 69 74 193 65 71 189 62 68 186 59 65 183 56 62 180 52 59 176 49 56 173 46 
53 170 42 50 167 39 47 163 36 44 160 33 41 157 29 38 154 26 35 150 23 32 147 20 
29 144 16 26 141 13 24 137 10 21 134 7 18 131 3 15 127 0 12 124 3 9 121 7 
7 118 10 5 114 13 3 111 16 0 108 20 3 105 23 5 101 26 7 98 29 7 95 33 
9 92 36 10 88 39 10 85 42 12 82 46 13 79 49 15 75 52 16 72 56 18 69 59 
21 66 62 23 62 65 25 59 69 28 56 72 30 53 75 32 49 78 35 46 82 37 43 85 
39 40 88 42 37 91 44 33 95 46 30 98 49 27 101 51 24 104 54 21 108 56 18 111 
59 15 114 62 12 118 64 9 121 67 7 124 70 7 127 73 7 131 76 9 134 79 12 137 

78 196 69 75 193 65 72 190 62 69 186 59 66 183 56 63 180 52 60 177 49 57 173 46 
54 170 43 51 167 39 48 164 36 45 160 33 42 157 30 39 154 26 37 151 23 34 147 20 
31 144 17 28 141 13 25 137 10 22 134 7 19 131 5 16 128 3 14 124 5 12 121 7 
9 118 10 7 115 13 5 111 17 3 108 20 0 105 23 3 102 26 3 98 30 5 95 33 
7 92 36 7 89 39 7 85 43 9 82 46 10 79 49 12 76 52 14 72 56 16 69 59 
18 66 62 21 63 65 23 60 69 25 56 72 28 53 75 30 50 78 32 47 82 35 44 85 
37 40 88 39 37 91 42 34 95 44 31 98 46 28 101 49 25 105 52 22 108 54 19 111 
57 16 114 60 14 118 63 12 121 66 10 124 69 10 127 72 10 131 75 12 134 78 14 137 

80 196 69 76 193 66 73 190 62 70 187 59 67 183 56 64 180 53 61 177 49 58 174 46 
56 170 43 53 167 40 50 164 37 47 161 33 44 157 30 41 154 27 38 151 24 35 148 21 
32 144 18 29 141 15 26 138 12 24 134 9 21 131 7 18 128 7 16 125 7 14 122 9 
12 118 12 9 115 15 7 112 18 5 109 21 3 105 24 0 102 27 0 99 30 3 96 33 
3 92 37 3 89 40 5 86 43 7 83 46 7 79 49 9 76 53 12 73 56 14 70 59 
16 67 62 18 63 66 21 60 69 23 57 72 25 54 75 28 51 79 30 48 82 32 44 85 
35 41 88 37 38 92 39 35 95 42 32 98 44 29 101 47 26 105 50 24 108 53 21 111 
56 18 114 58 16 118 61 15 121 64 13 124 67 13 127 70 13 131 73 15 134 76 16 137 

81 197 69 78 193 66 75 190 63 72 187 60 69 184 56 66 180 53 63 177 50 60 174 47 
57 171 44 54 167 40 51 164 37 48 161 34 45 158 31 42 154 28 39 151 25 37 148 22 
34 145 19 31 141 16 28 138 14 25 135 12 23 132 10 21 128 10 18 125 10 16 122 12 
14 119 14 12 115 16 9 112 19 7 109 22 5 106 25 3 103 28 3 99 31 0 96 34 
0 93 37 0 90 40 3 86 44 3 83 47 5 80 50 7 77 53 9 74 56 12 70 60 
14 67 63 16 64 66 18 61 69 21 58 72 23 55 76 25 52 79 28 49 82 30 45 85 
32 42 89 35 39 92 37 37 95 40 34 98 43 31 102 45 28 105 48 25 108 51 23 111 
54 21 115 57 19 118 60 18 121 63 17 124 66 16 128 69 17 131 72 18 134 75 19 137 

82 197 70 79 194 67 76 190 63 73 187 60 70 184 57 67 181 54 64 177 51 61 174 48 
58 171 44 56 168 41 53 164 38 50 161 35 47 158 32 44 155 29 41 151 26 38 148 24 
35 145 21 33 142 18 30 139 16 28 135 15 25 132 13 23 129 13 21 126 13 18 122 15 
16 119 16 14 116 18 12 113 21 9 110 24 7 106 26 7 103 29 5 100 32 3 97 35 
3 93 38 3 90 41 0 87 44 0 84 48 3 81 51 5 78 54 7 74 57 9 71 60 
12 68 63 14 65 67 16 62 70 18 59 73 21 56 76 23 53 79 25 50 83 28 47 86 
30 44 89 33 41 92 35 38 96 38 35 99 41 33 102 44 30 105 47 28 109 50 25 112 
53 24 115 56 22 118 59 21 122 62 20 125 65 20 128 68 20 131 71 21 134 74 22 138 

83 197 70 80 194 67 77 191 64 75 187 61 72 184 58 69 181 55 66 178 52 63 175 49 
60 171 45 57 168 42 54 165 39 51 162 37 48 158 34 45 155 31 43 152 28 40 149 25 
37 145 23 35 142 21 32 139 19 30 136 18 28 133 17 25 129 16 23 126 17 21 123 18 
18 120 19 16 117 21 14 113 23 12 110 25 10 107 28 9 104 31 7 101 34 7 97 37 
7 94 39 5 91 42 3 88 45 3 85 49 0 82 52 3 78 55 5 75 58 7 72 61 
9 69 64 12 66 67 14 63 70 16 60 74 18 57 77 21 54 80 23 51 83 25 48 86 
28 45 90 31 43 93 34 40 96 37 37 99 39 35 103 42 32 106 45 30 109 49 28 112 
52 26 115 55 25 119 58 24 122 61 23 125 64 23 128 67 23 132 70 24 135 74 25 138 

85 198 71 82 194 68 79 191 65 76 188 62 73 185 59 70 181 56 67 178 53 64 175 50 
61 172 47 58 169 44 56 165 41 53 162 38 50 159 35 47 156 33 44 152 30 42 149 28 
39 146 25 37 143 24 35 140 22 32 136 21 30 133 20 28 130 20 25 127 20 23 124 21 
21 120 22 18 117 24 16 114 25 15 111 28 13 108 30 12 105 33 10 101 35 10 98 38 
9 95 41 7 92 44 7 89 47 5 86 50 3 83 53 0 80 56 3 76 59 5 73 62 
7 70 65 9 67 68 12 64 71 14 61 74 16 58 78 18 56 81 21 53 84 24 50 87 
26 47 90 29 44 93 32 42 97 35 39 100 38 37 103 41 35 106 44 33 110 48 31 113 
51 29 116 54 28 119 57 27 122 60 26 126 63 26 129 67 26 132 70 27 135 73 28 139 

86 198 72 83 195 69 80 192 66 77 188 63 75 185 60 72 182 57 69 179 54 66 176 51 
63 172 48 60 169 45 57 166 43 54 163 40 52 159 37 49 156 35 46 153 32 44 150 30 
42 147 28 39 143 26 37 140 25 35 137 24 32 134 23 30 131 23 28 127 23 25 124 24 
23 121 25 21 118 26 19 115 28 18 112 30 16 109 32 15 105 35 13 102 37 13 99 40 
12 96 43 10 93 45 9 90 48 7 87 51 3 84 54 0 81 57 0 78 60 3 75 63 
5 72 66 7 69 69 9 66 72 12 63 75 14 60 78 16 57 82 19 54 85 22 52 88 
25 49 91 28 46 94 31 44 97 34 42 101 37 39 104 40 37 107 44 35 110 47 34 113 
50 32 117 53 31 120 56 30 123 60 30 126 63 29 129 66 30 133 69 30 136 72 31 139 

88 199 73 85 195 70 82 192 67 79 189 64 76 186 61 73 183 58 70 179 56 67 176 53 
64 173 50 62 170 47 59 166 44 56 163 42 54 160 39 51 157 37 49 154 35 46 151 33 
44 147 31 42 144 29 39 141 28 37 138 27 35 135 26 32 131 26 30 128 26 28 125 27 
25 122 28 24 119 29 22 116 31 21 113 33 19 109 35 18 106 37 17 103 39 16 100 42 
15 97 44 13 94 47 10 91 50 7 88 53 5 85 56 3 82 58 0 79 61 0 76 64 
3 73 67 5 70 70 7 67 73 9 64 76 12 62 80 15 59 83 18 56 86 21 54 89 
24 51 92 27 49 95 30 46 98 33 44 101 37 42 105 40 40 108 43 38 111 46 37 114 
49 35 117 53 34 120 56 33 124 59 33 127 62 33 130 66 33 133 69 33 136 72 34 140 

89 199 75 86 196 72 83 193 69 80 190 66 77 186 63 75 183 60 72 180 57 69 177 54 
66 174 52 63 170 49 61 167 46 58 164 44 56 161 42 53 158 39 51 154 37 49 151 35 
46 148 34 44 145 32 42 142 31 39 139 30 37 135 30 35 132 29 32 129 30 30 126 30 
28 123 31 26 120 32 25 117 34 24 114 35 22 110 37 21 107 39 20 104 42 19 101 44 
18 98 46 15 95 49 12 92 52 9 89 54 7 86 57 5 83 60 3 80 63 0 77 66 
0 75 69 3 72 72 5 69 75 7 66 78 10 63 81 13 61 84 17 58 87 20 56 90 
23 53 93 26 51 96 30 49 99 33 46 102 36 44 105 39 43 109 43 41 112 46 39 115 
49 38 118 52 37 121 56 37 124 59 36 127 62 36 131 65 36 134 69 37 137 72 37 140 

91 200 76 88 197 73 85 193 70 82 190 67 79 187 64 76 184 62 73 181 59 71 177 56 
68 174 54 65 171 51 63 168 49 60 165 46 58 162 44 55 158 42 53 155 40 51 152 38 
49 149 37 46 146 35 44 143 34 42 139 33 39 136 33 37 133 33 35 130 33 33 127 33 
31 124 34 29 121 35 28 118 37 26 115 38 25 112 40 24 109 42 23 105 44 22 102 46 
19 99 49 16 96 51 14 93 54 12 91 56 9 88 59 7 85 62 5 82 64 3 79 67 
0 76 70 0 73 73 3 71 76 7 68 79 10 65 82 13 63 85 16 60 88 20 58 91 
23 55 94 26 53 97 29 51 100 33 49 103 36 47 106 39 45 109 42 44 113 46 42 116 
49 41 119 52 40 122 56 40 125 59 39 128 62 39 131 65 39 135 69 40 138 72 40 141 

92 200 77 89 197 75 86 194 72 83 191 69 81 188 66 78 185 63 75 181 61 72 178 58 
70 175 56 67 172 53 65 169 51 62 166 49 60 162 46 58 159 44 55 156 43 53 153 41 
51 150 39 49 147 38 46 144 37 44 140 37 42 137 36 39 134 36 37 131 36 35 128 37 
34 125 37 32 122 38 31 119 39 29 116 41 28 113 43 27 110 44 26 107 46 24 104 49 
21 101 51 18 98 53 16 95 56 14 92 58 12 89 61 9 86 63 7 83 66 5 81 69 
3 78 72 0 75 75 3 72 77 7 70 80 10 67 83 13 65 86 16 62 89 20 60 92 
23 58 95 26 56 98 29 54 101 33 52 104 36 50 107 39 48 110 42 47 114 46 45 117 
49 44 120 52 44 123 56 43 126 59 43 129 62 42 132 65 43 135 69 43 139 72 44 142 

