16 16
111 198 225 111 185 216 111 171 207 111 158 199 111 144 192 111 131 186 111 118 180 111 105 175 
111 93 171 111 81 168 111 69 167 111 59 166 111 50 167 111 44 168 111 41 171 111 44 175 

97 196 215 97 182 206 97 168 197 97 155 188 97 141 180 97 127 173 97 114 167 97 101 162 
97 87 158 97 74 155 97 62 153 97 50 152 97 39 153 97 31 155 97 28 158 97 31 162 

83 194 206 83 180 196 83 167 186 83 153 177 83 139 169 83 125 161 83 111 155 83 98 149 
83 84 144 83 71 141 83 57 139 83 44 138 83 31 139 83 20 141 83 14 144 83 20 149 

69 194 197 69 180 186 69 166 176 69 152 167 69 138 158 69 124 150 69 111 142 69 97 136 
69 83 131 69 69 127 69 55 125 69 41 124 69 28 125 69 14 127 69 0 131 69 14 136 

55 194 188 55 180 177 55 167 167 55 153 156 55 139 147 55 125 138 55 111 130 55 98 124 
55 84 118 55 71 114 55 57 111 55 44 111 55 31 111 55 20 114 55 14 118 55 20 124 

41 196 180 41 182 169 41 168 158 41 155 147 41 141 137 41 127 127 41 114 119 41 101 111 
41 87 105 41 74 101 41 62 98 41 50 97 41 39 98 41 31 101 41 28 105 41 31 111 

28 198 173 28 185 161 28 171 150 28 158 138 28 144 127 28 131 117 28 118 108 28 105 100 
28 93 93 28 81 87 28 69 84 28 59 83 28 50 84 28 44 87 28 41 93 28 44 100 

14 201 167 14 188 155 14 175 142 14 162 130 14 149 119 14 136 108 14 124 98 14 111 89 
14 100 81 14 89 74 14 78 71 14 69 69 14 62 71 14 57 74 14 55 81 14 57 89 

0 206 162 0 193 149 0 180 136 0 167 124 0 155 111 0 142 100 0 130 89 0 119 78 
0 108 69 0 98 62 0 89 57 0 81 55 0 74 57 0 71 62 0 69 69 0 71 78 

14 211 158 14 198 144 14 186 131 14 173 118 14 161 105 14 150 93 14 138 81 14 127 69 
14 117 59 14 108 50 14 100 44 14 93 41 14 87 44 14 84 50 14 83 59 14 84 69 

28 216 155 28 204 141 28 192 127 28 180 114 28 169 101 28 158 87 28 147 74 28 137 62 
28 127 50 28 119 39 28 111 31 28 105 28 28 101 31 28 98 39 28 97 50 28 98 62 

41 223 153 41 211 139 41 199 125 41 188 111 41 177 98 41 167 84 41 156 71 41 147 57 
41 138 44 41 130 31 41 124 20 41 118 14 41 114 20 41 111 31 41 111 44 41 111 57 

55 230 152 55 219 138 55 207 124 55 197 111 55 186 97 55 176 83 55 167 69 55 158 55 
55 150 41 55 142 28 55 136 14 55 131 0 55 127 14 55 125 28 55 124 41 55 125 55 

69 238 153 69 227 139 69 216 125 69 206 111 69 196 98 69 186 84 69 177 71 69 169 57 
69 161 44 69 155 31 69 149 20 69 144 14 69 141 20 69 139 31 69 138 44 69 139 57 

83 246 155 83 236 141 83 225 127 83 215 114 83 206 101 83 197 87 83 188 74 83 180 62 
83 173 50 83 167 39 83 162 31 83 158 28 83 155 31 83 153 39 83 152 50 83 153 62 

97 255 158 97 245 144 97 235 131 97 225 118 97 216 105 97 207 93 97 199 81 97 192 69 
97 186 59 97 180 50 97 175 44 97 171 41 97 168 44 97 167 50 97 166 59 97 167 69 

